0.062003180
0.006359300
0.030206677
0.022655008
0.095389507
0.013910970
0.011526232
0.037758347
0.076709062
0.001192369
0.001589825
0.028219396
0.016693164
0.083068362
0.050079491
0.010333863
0.000397456
0.046104928
0.046104928
0.070349762
0.024642289
0.019475358
0.007551669
0.001192369
0.015898251
0.000000000
0.000794913
0.001192369
0.002384738
0.000397456
0.001589825
0.000794913
0.000000000
0.001987281
0.003577107
0.000000000
0.000000000
0.000000000
0.001589825
0.000794913
0.000000000
0.001987281
0.000397456
0.000000000
0.001987281
0.001987281
0.006359300
0.000000000
0.005564388
0.000000000
0.000000000
0.001192369
0.003577107
0.003577107
0.001192369
0.000794913
0.001192369
0.001192369
0.000794913
0.000000000
0.001192369
0.002782194
0.009141494
0.006756757
0.000397456
0.003179650
0.001589825
0.000397456
0.000397456
0.000397456
0.143481717
0.003974563
